# transform file /usr/local/freesurfer/subjects/3819/mri/transforms/cc_up.lta
# created by ubuntu on Sun Jan 14 05:55:26 2018

type      = 0 # LINEAR_VOX_TO_VOX
nxforms   = 1
mean      = 129.0000 89.0000 116.0000
sigma     = 10000.0000
1 4 4
9.969660043716431e-01 1.570429839193821e-02 -7.623768597841263e-02 8.565262794494629e+00 
-1.565858162939548e-02 9.998766779899597e-01 1.197406905703247e-03 5.786699676513672e+01 
7.624708861112595e-02 1.164153218269348e-10 9.970889687538147e-01 5.622304439544678e+00 
0.000000000000000e+00 0.000000000000000e+00 0.000000000000000e+00 1.000000000000000e+00 
src volume info
valid = 1  # volume info valid
filename = /usr/local/freesurfer/subjects/3819/mri/norm.mgz
volume = 256 256 256
voxelsize = 1.000000000000000e+00 1.000000000000000e+00 1.000000000000000e+00
xras   = -1.000000000000000e+00 0.000000000000000e+00 0.000000000000000e+00
yras   = 0.000000000000000e+00 0.000000000000000e+00 -1.000000000000000e+00
zras   = 0.000000000000000e+00 1.000000000000000e+00 0.000000000000000e+00
cras   = 2.241820068359375e+02 2.689602966308594e+02 4.993100585937500e+02
dst volume info
valid = 1  # volume info valid
filename = /usr/local/freesurfer/subjects/3819/mri/norm.mgz
volume = 256 256 256
voxelsize = 1.000000000000000e+00 1.000000000000000e+00 1.000000000000000e+00
xras   = -1.000000000000000e+00 0.000000000000000e+00 0.000000000000000e+00
yras   = 0.000000000000000e+00 0.000000000000000e+00 -1.000000000000000e+00
zras   = 0.000000000000000e+00 1.000000000000000e+00 0.000000000000000e+00
cras   = 2.241820068359375e+02 2.689602966308594e+02 4.993100585937500e+02
