# transform file /usr/local/freesurfer/subjects/3506/mri/transforms/cc_up.lta
# created by ubuntu on Tue Jan  9 04:41:51 2018

type      = 0 # LINEAR_VOX_TO_VOX
nxforms   = 1
mean      = 133.0000 119.0000 99.0000
sigma     = 10000.0000
1 4 4
9.993070960044861e-01 3.717264160513878e-02 -1.833667745813727e-03 -8.556429862976074e+00 
-3.717257827520370e-02 9.993087649345398e-01 6.820941780460998e-05 3.100912666320801e+01 
1.834935974329710e-03 7.275956746821688e-12 9.999982714653015e-01 4.975608825683594e+01 
0.000000000000000e+00 0.000000000000000e+00 0.000000000000000e+00 1.000000000000000e+00 
src volume info
valid = 1  # volume info valid
filename = /usr/local/freesurfer/subjects/3506/mri/norm.mgz
volume = 256 256 256
voxelsize = 1.000000000000000e+00 1.000000000000000e+00 1.000000000000000e+00
xras   = -1.000000119209290e+00 0.000000000000000e+00 0.000000000000000e+00
yras   = 0.000000000000000e+00 0.000000000000000e+00 -1.000000000000000e+00
zras   = 0.000000000000000e+00 1.000000000000000e+00 0.000000000000000e+00
cras   = 2.386157226562500e+02 3.187195434570312e+02 5.726915283203125e+02
dst volume info
valid = 1  # volume info valid
filename = /usr/local/freesurfer/subjects/3506/mri/norm.mgz
volume = 256 256 256
voxelsize = 1.000000000000000e+00 1.000000000000000e+00 1.000000000000000e+00
xras   = -1.000000119209290e+00 0.000000000000000e+00 0.000000000000000e+00
yras   = 0.000000000000000e+00 0.000000000000000e+00 -1.000000000000000e+00
zras   = 0.000000000000000e+00 1.000000000000000e+00 0.000000000000000e+00
cras   = 2.386157226562500e+02 3.187195434570312e+02 5.726915283203125e+02
