# transform file /usr/local/freesurfer/subjects/3278/mri/transforms/cc_up.lta
# created by ubuntu on Thu Jan  4 08:55:53 2018

type      = 0 # LINEAR_VOX_TO_VOX
nxforms   = 1
mean      = 130.0000 99.0000 116.0000
sigma     = 10000.0000
1 4 4
9.993825554847717e-01 2.795398794114590e-02 -2.128585800528526e-02 -7.193014025688171e-01 
-2.794764935970306e-02 9.996092319488525e-01 5.952572100795805e-04 5.957147979736328e+01 
2.129417844116688e-02 0.000000000000000e+00 9.997732639312744e-01 2.127663230895996e+01 
0.000000000000000e+00 0.000000000000000e+00 0.000000000000000e+00 1.000000000000000e+00 
src volume info
valid = 1  # volume info valid
filename = /usr/local/freesurfer/subjects/3278/mri/norm.mgz
volume = 256 256 256
voxelsize = 1.000000000000000e+00 1.000000000000000e+00 1.000000000000000e+00
xras   = -1.000000000000000e+00 0.000000000000000e+00 0.000000000000000e+00
yras   = 0.000000000000000e+00 0.000000000000000e+00 -1.000000000000000e+00
zras   = 0.000000000000000e+00 1.000000000000000e+00 0.000000000000000e+00
cras   = 2.070410614013672e+02 2.914880981445312e+02 5.481998291015625e+02
dst volume info
valid = 1  # volume info valid
filename = /usr/local/freesurfer/subjects/3278/mri/norm.mgz
volume = 256 256 256
voxelsize = 1.000000000000000e+00 1.000000000000000e+00 1.000000000000000e+00
xras   = -1.000000000000000e+00 0.000000000000000e+00 0.000000000000000e+00
yras   = 0.000000000000000e+00 0.000000000000000e+00 -1.000000000000000e+00
zras   = 0.000000000000000e+00 1.000000000000000e+00 0.000000000000000e+00
cras   = 2.070410614013672e+02 2.914880981445312e+02 5.481998291015625e+02
