# transform file /usr/local/freesurfer/subjects/4052/mri/transforms/cc_up.lta
# created by ubuntu on Tue Jan 16 04:23:29 2018

type      = 0 # LINEAR_VOX_TO_VOX
nxforms   = 1
mean      = 127.0000 108.0000 111.0000
sigma     = 10000.0000
1 4 4
9.965306520462036e-01 7.424241304397583e-02 3.761326521635056e-02 -1.032733535766602e+01 
-7.418958097696304e-02 9.972401857376099e-01 -2.800227375701070e-03 4.905187988281250e+01 
-3.771735727787018e-02 2.328306436538696e-10 9.992884993553162e-01 3.291421508789062e+01 
0.000000000000000e+00 0.000000000000000e+00 0.000000000000000e+00 1.000000000000000e+00 
src volume info
valid = 1  # volume info valid
filename = /usr/local/freesurfer/subjects/4052/mri/norm.mgz
volume = 256 256 256
voxelsize = 1.000000000000000e+00 1.000000000000000e+00 1.000000000000000e+00
xras   = -1.000000000000000e+00 0.000000000000000e+00 0.000000000000000e+00
yras   = 0.000000000000000e+00 0.000000000000000e+00 -1.000000000000000e+00
zras   = 0.000000000000000e+00 1.000000000000000e+00 0.000000000000000e+00
cras   = 1.479577789306641e+02 3.026644287109375e+02 5.185070190429688e+02
dst volume info
valid = 1  # volume info valid
filename = /usr/local/freesurfer/subjects/4052/mri/norm.mgz
volume = 256 256 256
voxelsize = 1.000000000000000e+00 1.000000000000000e+00 1.000000000000000e+00
xras   = -1.000000000000000e+00 0.000000000000000e+00 0.000000000000000e+00
yras   = 0.000000000000000e+00 0.000000000000000e+00 -1.000000000000000e+00
zras   = 0.000000000000000e+00 1.000000000000000e+00 0.000000000000000e+00
cras   = 1.479577789306641e+02 3.026644287109375e+02 5.185070190429688e+02
