# transform file /usr/local/freesurfer/subjects/3504/mri/transforms/cc_up.lta
# created by ubuntu on Tue Jan  9 04:07:12 2018

type      = 0 # LINEAR_VOX_TO_VOX
nxforms   = 1
mean      = 129.0000 104.0000 121.0000
sigma     = 10000.0000
1 4 4
9.997102618217468e-01 1.012801891192794e-03 2.405270375311375e-02 -2.280005455017090e+00 
-1.012508873827755e-03 9.999995231628418e-01 -2.436063368804753e-05 4.713291549682617e+01 
-2.405271492898464e-02 0.000000000000000e+00 9.997107386589050e-01 2.112474250793457e+01 
0.000000000000000e+00 0.000000000000000e+00 0.000000000000000e+00 1.000000000000000e+00 
src volume info
valid = 1  # volume info valid
filename = /usr/local/freesurfer/subjects/3504/mri/norm.mgz
volume = 256 256 256
voxelsize = 1.000000000000000e+00 1.000000000000000e+00 1.000000000000000e+00
xras   = -9.999999403953552e-01 0.000000000000000e+00 0.000000000000000e+00
yras   = 0.000000000000000e+00 0.000000000000000e+00 -1.000000000000000e+00
zras   = 0.000000000000000e+00 1.000000000000000e+00 0.000000000000000e+00
cras   = 2.468218688964844e+02 3.398796997070312e+02 5.439390869140625e+02
dst volume info
valid = 1  # volume info valid
filename = /usr/local/freesurfer/subjects/3504/mri/norm.mgz
volume = 256 256 256
voxelsize = 1.000000000000000e+00 1.000000000000000e+00 1.000000000000000e+00
xras   = -9.999999403953552e-01 0.000000000000000e+00 0.000000000000000e+00
yras   = 0.000000000000000e+00 0.000000000000000e+00 -1.000000000000000e+00
zras   = 0.000000000000000e+00 1.000000000000000e+00 0.000000000000000e+00
cras   = 2.468218688964844e+02 3.398796997070312e+02 5.439390869140625e+02
