# transform file transforms/talairach_with_skull.lta
# created by ubuntu on Mon Jan  8 20:14:40 2018

type      = 0 # LINEAR_VOX_TO_VOX
nxforms   = 1
mean      = 118.0000 136.0000 129.0000
sigma     = 10000.0000
1 4 4
1.066721916198730e+00 2.216101065278053e-02 3.579914942383766e-02 -1.745042419433594e+01 
-2.670684829354286e-02 1.117134690284729e+00 1.936517953872681e-01 -5.514288425445557e+00 
-3.618989884853363e-02 -1.872351616621017e-01 9.788576960563660e-01 1.426466751098633e+01 
0.000000000000000e+00 0.000000000000000e+00 0.000000000000000e+00 1.000000000000000e+00 
src volume info
valid = 1  # volume info valid
filename = nu.mgz
volume = 256 256 256
voxelsize = 1.000000000000000e+00 1.000000000000000e+00 1.000000000000000e+00
xras   = -9.999999403953552e-01 0.000000000000000e+00 0.000000000000000e+00
yras   = 0.000000000000000e+00 0.000000000000000e+00 -1.000000000000000e+00
zras   = 0.000000000000000e+00 1.000000000000000e+00 0.000000000000000e+00
cras   = 2.468218688964844e+02 3.398796997070312e+02 5.439390869140625e+02
dst volume info
valid = 1  # volume info valid
filename = /usr/local/freesurfer/average/RB_all_withskull_2016-05-10.vc700.gca
volume = 256 256 256
voxelsize = 1.000000000000000e+00 1.000000000000000e+00 1.000000000000000e+00
xras   = -1.000000000000000e+00 0.000000000000000e+00 0.000000000000000e+00
yras   = 0.000000000000000e+00 0.000000000000000e+00 -1.000000000000000e+00
zras   = 0.000000000000000e+00 1.000000000000000e+00 0.000000000000000e+00
cras   = 0.000000000000000e+00 0.000000000000000e+00 0.000000000000000e+00
