# transform file /usr/local/freesurfer/subjects/3822/mri/transforms/cc_up.lta
# created by ubuntu on Sun Jan 14 05:54:15 2018

type      = 0 # LINEAR_VOX_TO_VOX
nxforms   = 1
mean      = 128.0000 94.0000 112.0000
sigma     = 10000.0000
1 4 4
9.998584985733032e-01 -1.666691713035107e-02 2.288263523951173e-03 2.132448673248291e+00 
1.666687242686749e-02 9.998611211776733e-01 3.814359297393821e-05 4.487397003173828e+01 
-2.288581337779760e-03 3.637978807091713e-12 9.999973773956299e-01 2.529320144653320e+01 
0.000000000000000e+00 0.000000000000000e+00 0.000000000000000e+00 1.000000000000000e+00 
src volume info
valid = 1  # volume info valid
filename = /usr/local/freesurfer/subjects/3822/mri/norm.mgz
volume = 256 256 256
voxelsize = 1.000000000000000e+00 1.000000000000000e+00 1.000000000000000e+00
xras   = -1.000000000000000e+00 0.000000000000000e+00 0.000000000000000e+00
yras   = 0.000000000000000e+00 0.000000000000000e+00 -1.000000000000000e+00
zras   = 0.000000000000000e+00 1.000000000000000e+00 0.000000000000000e+00
cras   = 2.154214477539062e+02 2.821409912109375e+02 5.403867797851562e+02
dst volume info
valid = 1  # volume info valid
filename = /usr/local/freesurfer/subjects/3822/mri/norm.mgz
volume = 256 256 256
voxelsize = 1.000000000000000e+00 1.000000000000000e+00 1.000000000000000e+00
xras   = -1.000000000000000e+00 0.000000000000000e+00 0.000000000000000e+00
yras   = 0.000000000000000e+00 0.000000000000000e+00 -1.000000000000000e+00
zras   = 0.000000000000000e+00 1.000000000000000e+00 0.000000000000000e+00
cras   = 2.154214477539062e+02 2.821409912109375e+02 5.403867797851562e+02
