# transform file /usr/local/freesurfer/subjects/3609/mri/transforms/cc_up.lta
# created by ubuntu on Thu Jan 11 11:58:48 2018

type      = 0 # LINEAR_VOX_TO_VOX
nxforms   = 1
mean      = 131.0000 123.0000 124.0000
sigma     = 10000.0000
1 4 4
9.980039596557617e-01 5.124451965093613e-02 3.690724447369576e-02 -9.774995803833008e+00 
-5.120951309800148e-02 9.986861944198608e-01 -1.893782056868076e-03 2.998268127441406e+01 
-3.695579990744591e-02 -1.164153218269348e-10 9.993169307708740e-01 3.387188339233398e+01 
0.000000000000000e+00 0.000000000000000e+00 0.000000000000000e+00 1.000000000000000e+00 
src volume info
valid = 1  # volume info valid
filename = /usr/local/freesurfer/subjects/3609/mri/norm.mgz
volume = 256 256 256
voxelsize = 1.000000000000000e+00 1.000000000000000e+00 1.000000000000000e+00
xras   = -1.000000000000000e+00 0.000000000000000e+00 0.000000000000000e+00
yras   = 0.000000000000000e+00 0.000000000000000e+00 -1.000000000000000e+00
zras   = 0.000000000000000e+00 1.000000000000000e+00 0.000000000000000e+00
cras   = 2.319636840820312e+02 3.203771362304688e+02 5.491551513671875e+02
dst volume info
valid = 1  # volume info valid
filename = /usr/local/freesurfer/subjects/3609/mri/norm.mgz
volume = 256 256 256
voxelsize = 1.000000000000000e+00 1.000000000000000e+00 1.000000000000000e+00
xras   = -1.000000000000000e+00 0.000000000000000e+00 0.000000000000000e+00
yras   = 0.000000000000000e+00 0.000000000000000e+00 -1.000000000000000e+00
zras   = 0.000000000000000e+00 1.000000000000000e+00 0.000000000000000e+00
cras   = 2.319636840820312e+02 3.203771362304688e+02 5.491551513671875e+02
