# transform file /usr/local/freesurfer/subjects/3816/mri/transforms/cc_up.lta
# created by ubuntu on Sun Jan 14 05:27:24 2018

type      = 0 # LINEAR_VOX_TO_VOX
nxforms   = 1
mean      = 130.0000 107.0000 110.0000
sigma     = 10000.0000
1 4 4
9.997109770774841e-01 2.211444079875946e-02 9.437680244445801e-03 -3.849312067031860e+00 
-2.211345545947552e-02 9.997555017471313e-01 -2.087600732920691e-04 4.389520645141602e+01 
-9.439988993108273e-03 0.000000000000000e+00 9.999555349349976e-01 2.722230529785156e+01 
0.000000000000000e+00 0.000000000000000e+00 0.000000000000000e+00 1.000000000000000e+00 
src volume info
valid = 1  # volume info valid
filename = /usr/local/freesurfer/subjects/3816/mri/norm.mgz
volume = 256 256 256
voxelsize = 1.000000000000000e+00 1.000000000000000e+00 1.000000000000000e+00
xras   = -1.000000000000000e+00 0.000000000000000e+00 0.000000000000000e+00
yras   = 0.000000000000000e+00 0.000000000000000e+00 -1.000000000000000e+00
zras   = 0.000000000000000e+00 1.000000000000000e+00 0.000000000000000e+00
cras   = 2.231981201171875e+02 2.804846191406250e+02 4.785778808593750e+02
dst volume info
valid = 1  # volume info valid
filename = /usr/local/freesurfer/subjects/3816/mri/norm.mgz
volume = 256 256 256
voxelsize = 1.000000000000000e+00 1.000000000000000e+00 1.000000000000000e+00
xras   = -1.000000000000000e+00 0.000000000000000e+00 0.000000000000000e+00
yras   = 0.000000000000000e+00 0.000000000000000e+00 -1.000000000000000e+00
zras   = 0.000000000000000e+00 1.000000000000000e+00 0.000000000000000e+00
cras   = 2.231981201171875e+02 2.804846191406250e+02 4.785778808593750e+02
