# transform file /usr/local/freesurfer/subjects/3610/mri/transforms/cc_up.lta
# created by ubuntu on Thu Jan 11 11:28:18 2018

type      = 0 # LINEAR_VOX_TO_VOX
nxforms   = 1
mean      = 128.0000 109.0000 115.0000
sigma     = 10000.0000
1 4 4
9.957087039947510e-01 -7.568068057298660e-02 5.326266586780548e-02 3.773289680480957e+00 
7.557263970375061e-02 9.971322417259216e-01 4.042548127472401e-03 3.124528121948242e+01 
-5.341585725545883e-02 0.000000000000000e+00 9.985724687576294e-01 2.891959381103516e+01 
0.000000000000000e+00 0.000000000000000e+00 0.000000000000000e+00 1.000000000000000e+00 
src volume info
valid = 1  # volume info valid
filename = /usr/local/freesurfer/subjects/3610/mri/norm.mgz
volume = 256 256 256
voxelsize = 1.000000000000000e+00 1.000000000000000e+00 1.000000000000000e+00
xras   = -1.000000000000000e+00 0.000000000000000e+00 0.000000000000000e+00
yras   = 0.000000000000000e+00 0.000000000000000e+00 -1.000000000000000e+00
zras   = 0.000000000000000e+00 1.000000000000000e+00 0.000000000000000e+00
cras   = 1.881815795898438e+02 2.928946533203125e+02 5.350557250976562e+02
dst volume info
valid = 1  # volume info valid
filename = /usr/local/freesurfer/subjects/3610/mri/norm.mgz
volume = 256 256 256
voxelsize = 1.000000000000000e+00 1.000000000000000e+00 1.000000000000000e+00
xras   = -1.000000000000000e+00 0.000000000000000e+00 0.000000000000000e+00
yras   = 0.000000000000000e+00 0.000000000000000e+00 -1.000000000000000e+00
zras   = 0.000000000000000e+00 1.000000000000000e+00 0.000000000000000e+00
cras   = 1.881815795898438e+02 2.928946533203125e+02 5.350557250976562e+02
