# transform file /usr/local/freesurfer/subjects/3216/mri/transforms/cc_up.lta
# created by ubuntu on Mon Jan  1 08:10:54 2018

type      = 0 # LINEAR_VOX_TO_VOX
nxforms   = 1
mean      = 128.0000 138.0000 127.0000
sigma     = 10000.0000
1 4 4
9.970445632934570e-01 1.433479879051447e-02 -7.547613978385925e-02 8.353270530700684e+00 
-1.429390162229538e-02 9.998972415924072e-01 1.082046423107386e-03 2.270429229736328e+01 
7.548389583826065e-02 0.000000000000000e+00 9.971470236778259e-01 -1.231686115264893e+01 
0.000000000000000e+00 0.000000000000000e+00 0.000000000000000e+00 1.000000000000000e+00 
src volume info
valid = 1  # volume info valid
filename = /usr/local/freesurfer/subjects/3216/mri/norm.mgz
volume = 256 256 256
voxelsize = 1.000000000000000e+00 1.000000000000000e+00 1.000000000000000e+00
xras   = -1.000000000000000e+00 0.000000000000000e+00 0.000000000000000e+00
yras   = 0.000000000000000e+00 0.000000000000000e+00 -1.000000000000000e+00
zras   = 0.000000000000000e+00 1.000000000000000e+00 0.000000000000000e+00
cras   = 7.317881469726562e+02 7.795892333984375e+02 4.060503387451172e+01
dst volume info
valid = 1  # volume info valid
filename = /usr/local/freesurfer/subjects/3216/mri/norm.mgz
volume = 256 256 256
voxelsize = 1.000000000000000e+00 1.000000000000000e+00 1.000000000000000e+00
xras   = -1.000000000000000e+00 0.000000000000000e+00 0.000000000000000e+00
yras   = 0.000000000000000e+00 0.000000000000000e+00 -1.000000000000000e+00
zras   = 0.000000000000000e+00 1.000000000000000e+00 0.000000000000000e+00
cras   = 7.317881469726562e+02 7.795892333984375e+02 4.060503387451172e+01
