# transform file transforms/talairach_with_skull.lta
# created by ubuntu on Sun Dec 31 23:04:05 2017

type      = 0 # LINEAR_VOX_TO_VOX
nxforms   = 1
mean      = 123.0000 133.0000 133.0000
sigma     = 10000.0000
1 4 4
1.157346487045288e+00 2.089573629200459e-02 -2.866230905056000e-02 -2.289778327941895e+01 
-1.935767941176891e-02 1.057073712348938e+00 4.375673830509186e-02 -2.260588073730469e+01 
8.199274539947510e-02 -4.175899922847748e-02 1.029334425926208e+00 -2.723484420776367e+01 
0.000000000000000e+00 0.000000000000000e+00 0.000000000000000e+00 1.000000000000000e+00 
src volume info
valid = 1  # volume info valid
filename = nu.mgz
volume = 256 256 256
voxelsize = 1.000000000000000e+00 1.000000000000000e+00 1.000000000000000e+00
xras   = -1.000000000000000e+00 0.000000000000000e+00 0.000000000000000e+00
yras   = 0.000000000000000e+00 0.000000000000000e+00 -1.000000000000000e+00
zras   = 0.000000000000000e+00 1.000000000000000e+00 0.000000000000000e+00
cras   = 7.317881469726562e+02 7.795892333984375e+02 4.060503387451172e+01
dst volume info
valid = 1  # volume info valid
filename = /usr/local/freesurfer/average/RB_all_withskull_2016-05-10.vc700.gca
volume = 256 256 256
voxelsize = 1.000000000000000e+00 1.000000000000000e+00 1.000000000000000e+00
xras   = -1.000000000000000e+00 0.000000000000000e+00 0.000000000000000e+00
yras   = 0.000000000000000e+00 0.000000000000000e+00 -1.000000000000000e+00
zras   = 0.000000000000000e+00 1.000000000000000e+00 0.000000000000000e+00
cras   = 0.000000000000000e+00 0.000000000000000e+00 0.000000000000000e+00
