# transform file /usr/local/freesurfer/subjects/4061/mri/transforms/cc_up.lta
# created by ubuntu on Tue Jan 16 04:03:59 2018

type      = 0 # LINEAR_VOX_TO_VOX
nxforms   = 1
mean      = 126.0000 129.0000 114.0000
sigma     = 10000.0000
1 4 4
9.989610910415649e-01 4.275171458721161e-02 -1.578241027891636e-02 -1.886625289916992e+00 
-4.274637624621391e-02 9.990857839584351e-01 6.753425113856792e-04 2.445821380615234e+01 
1.579685322940350e-02 0.000000000000000e+00 9.998752474784851e-01 2.200677680969238e+01 
0.000000000000000e+00 0.000000000000000e+00 0.000000000000000e+00 1.000000000000000e+00 
src volume info
valid = 1  # volume info valid
filename = /usr/local/freesurfer/subjects/4061/mri/norm.mgz
volume = 256 256 256
voxelsize = 1.000000000000000e+00 1.000000000000000e+00 1.000000000000000e+00
xras   = -1.000000000000000e+00 0.000000000000000e+00 0.000000000000000e+00
yras   = 0.000000000000000e+00 0.000000000000000e+00 -1.000000000000000e+00
zras   = 0.000000000000000e+00 1.000000000000000e+00 0.000000000000000e+00
cras   = 2.094624633789062e+02 2.703208007812500e+02 5.040000000000000e+02
dst volume info
valid = 1  # volume info valid
filename = /usr/local/freesurfer/subjects/4061/mri/norm.mgz
volume = 256 256 256
voxelsize = 1.000000000000000e+00 1.000000000000000e+00 1.000000000000000e+00
xras   = -1.000000000000000e+00 0.000000000000000e+00 0.000000000000000e+00
yras   = 0.000000000000000e+00 0.000000000000000e+00 -1.000000000000000e+00
zras   = 0.000000000000000e+00 1.000000000000000e+00 0.000000000000000e+00
cras   = 2.094624633789062e+02 2.703208007812500e+02 5.040000000000000e+02
