# transform file /usr/local/freesurfer/subjects/3817/mri/transforms/cc_up.lta
# created by ubuntu on Sun Jan 14 05:41:14 2018

type      = 0 # LINEAR_VOX_TO_VOX
nxforms   = 1
mean      = 128.0000 104.0000 111.0000
sigma     = 10000.0000
1 4 4
9.985612630844116e-01 1.022920478135347e-03 5.361278355121613e-02 -5.738780975341797e+00 
-1.021449337713420e-03 9.999994635581970e-01 -5.484164648805745e-05 3.113674736022949e+01 
-5.361280962824821e-02 0.000000000000000e+00 9.985617995262146e-01 4.504549026489258e+01 
0.000000000000000e+00 0.000000000000000e+00 0.000000000000000e+00 1.000000000000000e+00 
src volume info
valid = 1  # volume info valid
filename = /usr/local/freesurfer/subjects/3817/mri/norm.mgz
volume = 256 256 256
voxelsize = 1.000000000000000e+00 1.000000000000000e+00 1.000000000000000e+00
xras   = -1.000000000000000e+00 0.000000000000000e+00 0.000000000000000e+00
yras   = 0.000000000000000e+00 0.000000000000000e+00 -1.000000000000000e+00
zras   = 0.000000000000000e+00 1.000000000000000e+00 0.000000000000000e+00
cras   = 2.258286743164062e+02 2.854647216796875e+02 5.119611816406250e+02
dst volume info
valid = 1  # volume info valid
filename = /usr/local/freesurfer/subjects/3817/mri/norm.mgz
volume = 256 256 256
voxelsize = 1.000000000000000e+00 1.000000000000000e+00 1.000000000000000e+00
xras   = -1.000000000000000e+00 0.000000000000000e+00 0.000000000000000e+00
yras   = 0.000000000000000e+00 0.000000000000000e+00 -1.000000000000000e+00
zras   = 0.000000000000000e+00 1.000000000000000e+00 0.000000000000000e+00
cras   = 2.258286743164062e+02 2.854647216796875e+02 5.119611816406250e+02
