# transform file /usr/local/freesurfer/subjects/3605/mri/transforms/cc_up.lta
# created by ubuntu on Thu Jan 11 12:11:14 2018

type      = 0 # LINEAR_VOX_TO_VOX
nxforms   = 1
mean      = 129.0000 113.0000 132.0000
sigma     = 10000.0000
1 4 4
9.969925880432129e-01 6.441270001232624e-03 7.722878456115723e-02 -8.426175117492676e+00 
-6.422031670808792e-03 9.999792575836182e-01 -4.974617622792721e-04 1.987650871276855e+01 
-7.723038643598557e-02 0.000000000000000e+00 9.970132708549500e-01 3.319908905029297e+01 
0.000000000000000e+00 0.000000000000000e+00 0.000000000000000e+00 1.000000000000000e+00 
src volume info
valid = 1  # volume info valid
filename = /usr/local/freesurfer/subjects/3605/mri/norm.mgz
volume = 256 256 256
voxelsize = 1.000000000000000e+00 1.000000000000000e+00 1.000000000000000e+00
xras   = -1.000000000000000e+00 0.000000000000000e+00 0.000000000000000e+00
yras   = 0.000000000000000e+00 0.000000000000000e+00 -1.000000000000000e+00
zras   = 0.000000000000000e+00 1.000000000000000e+00 0.000000000000000e+00
cras   = 2.032372741699219e+02 2.988112182617188e+02 5.223438720703125e+02
dst volume info
valid = 1  # volume info valid
filename = /usr/local/freesurfer/subjects/3605/mri/norm.mgz
volume = 256 256 256
voxelsize = 1.000000000000000e+00 1.000000000000000e+00 1.000000000000000e+00
xras   = -1.000000000000000e+00 0.000000000000000e+00 0.000000000000000e+00
yras   = 0.000000000000000e+00 0.000000000000000e+00 -1.000000000000000e+00
zras   = 0.000000000000000e+00 1.000000000000000e+00 0.000000000000000e+00
cras   = 2.032372741699219e+02 2.988112182617188e+02 5.223438720703125e+02
