# transform file /usr/local/freesurfer/subjects/4059/mri/transforms/cc_up.lta
# created by ubuntu on Tue Jan 16 04:37:18 2018

type      = 0 # LINEAR_VOX_TO_VOX
nxforms   = 1
mean      = 128.0000 96.0000 116.0000
sigma     = 10000.0000
1 4 4
9.998914003372192e-01 -1.473401766270399e-02 3.035890695173293e-04 2.287901878356934e+00 
1.473401766270399e-02 9.998914599418640e-01 4.473572516872082e-06 6.112575912475586e+01 
-3.036220441572368e-04 0.000000000000000e+00 9.999999403953552e-01 1.403876495361328e+01 
0.000000000000000e+00 0.000000000000000e+00 0.000000000000000e+00 1.000000000000000e+00 
src volume info
valid = 1  # volume info valid
filename = /usr/local/freesurfer/subjects/4059/mri/norm.mgz
volume = 256 256 256
voxelsize = 1.000000000000000e+00 1.000000000000000e+00 1.000000000000000e+00
xras   = -1.000000000000000e+00 0.000000000000000e+00 0.000000000000000e+00
yras   = 0.000000000000000e+00 0.000000000000000e+00 -1.000000000000000e+00
zras   = 0.000000000000000e+00 1.000000000000000e+00 0.000000000000000e+00
cras   = 2.041864318847656e+02 3.077373046875000e+02 4.890509033203125e+02
dst volume info
valid = 1  # volume info valid
filename = /usr/local/freesurfer/subjects/4059/mri/norm.mgz
volume = 256 256 256
voxelsize = 1.000000000000000e+00 1.000000000000000e+00 1.000000000000000e+00
xras   = -1.000000000000000e+00 0.000000000000000e+00 0.000000000000000e+00
yras   = 0.000000000000000e+00 0.000000000000000e+00 -1.000000000000000e+00
zras   = 0.000000000000000e+00 1.000000000000000e+00 0.000000000000000e+00
cras   = 2.041864318847656e+02 3.077373046875000e+02 4.890509033203125e+02
