# transform file transforms/talairach.lta
# created by ubuntu on Mon Jan 15 20:36:54 2018

type      = 0 # LINEAR_VOX_TO_VOX
nxforms   = 1
mean      = 127.0000 95.0000 116.0000
sigma     = 10000.0000
1 4 4
1.075497746467590e+00 -6.118049472570419e-02 1.761325635015965e-02 -8.162503242492676e+00 
6.412161886692047e-02 1.020211219787598e+00 1.833276599645615e-01 -2.476668357849121e-01 
-3.003443591296673e-02 -1.831516623497009e-01 1.003904342651367e+00 1.387116813659668e+01 
0.000000000000000e+00 0.000000000000000e+00 0.000000000000000e+00 1.000000000000000e+00 
src volume info
valid = 1  # volume info valid
filename = nu.mgz
volume = 256 256 256
voxelsize = 1.000000000000000e+00 1.000000000000000e+00 1.000000000000000e+00
xras   = -1.000000000000000e+00 0.000000000000000e+00 0.000000000000000e+00
yras   = 0.000000000000000e+00 0.000000000000000e+00 -1.000000000000000e+00
zras   = 0.000000000000000e+00 1.000000000000000e+00 0.000000000000000e+00
cras   = 2.041864318847656e+02 3.077373046875000e+02 4.890509033203125e+02
dst volume info
valid = 1  # volume info valid
filename = /usr/local/freesurfer/average/RB_all_2016-05-10.vc700.gca
volume = 256 256 256
voxelsize = 1.000000000000000e+00 1.000000000000000e+00 1.000000000000000e+00
xras   = -1.000000000000000e+00 0.000000000000000e+00 0.000000000000000e+00
yras   = 0.000000000000000e+00 0.000000000000000e+00 -1.000000000000000e+00
zras   = 0.000000000000000e+00 1.000000000000000e+00 0.000000000000000e+00
cras   = 0.000000000000000e+00 0.000000000000000e+00 0.000000000000000e+00
