# transform file /usr/local/freesurfer/subjects/3277/mri/transforms/cc_up.lta
# created by ubuntu on Thu Jan  4 08:55:46 2018

type      = 0 # LINEAR_VOX_TO_VOX
nxforms   = 1
mean      = 130.0000 110.0000 111.0000
sigma     = 10000.0000
1 4 4
9.996427893638611e-01 5.021500866860151e-03 2.625366114079952e-02 -2.855900764465332e+00 
-5.019770003855228e-03 9.999874830245972e-01 -1.318344293395057e-04 5.266116333007812e+01 
-2.625399082899094e-02 0.000000000000000e+00 9.996553659439087e-01 3.541985321044922e+01 
0.000000000000000e+00 0.000000000000000e+00 0.000000000000000e+00 1.000000000000000e+00 
src volume info
valid = 1  # volume info valid
filename = /usr/local/freesurfer/subjects/3277/mri/norm.mgz
volume = 256 256 256
voxelsize = 1.000000000000000e+00 1.000000000000000e+00 1.000000000000000e+00
xras   = -1.000000000000000e+00 0.000000000000000e+00 0.000000000000000e+00
yras   = 0.000000000000000e+00 0.000000000000000e+00 -1.000000000000000e+00
zras   = 0.000000000000000e+00 1.000000000000000e+00 0.000000000000000e+00
cras   = 1.874070434570312e+02 2.897807922363281e+02 5.524678955078125e+02
dst volume info
valid = 1  # volume info valid
filename = /usr/local/freesurfer/subjects/3277/mri/norm.mgz
volume = 256 256 256
voxelsize = 1.000000000000000e+00 1.000000000000000e+00 1.000000000000000e+00
xras   = -1.000000000000000e+00 0.000000000000000e+00 0.000000000000000e+00
yras   = 0.000000000000000e+00 0.000000000000000e+00 -1.000000000000000e+00
zras   = 0.000000000000000e+00 1.000000000000000e+00 0.000000000000000e+00
cras   = 1.874070434570312e+02 2.897807922363281e+02 5.524678955078125e+02
