# transform file /usr/local/freesurfer/subjects/3279/mri/transforms/cc_up.lta
# created by ubuntu on Thu Jan  4 09:02:04 2018

type      = 0 # LINEAR_VOX_TO_VOX
nxforms   = 1
mean      = 128.0000 105.0000 115.0000
sigma     = 10000.0000
1 4 4
9.930818676948547e-01 -9.788734465837479e-02 6.485843658447266e-02 5.755739212036133e+00 
9.767924249172211e-02 9.951975941658020e-01 6.379456724971533e-03 3.147237205505371e+01 
-6.517142057418823e-02 4.656613428188905e-10 9.978740811347961e-01 3.541238403320312e+01 
0.000000000000000e+00 0.000000000000000e+00 0.000000000000000e+00 1.000000000000000e+00 
src volume info
valid = 1  # volume info valid
filename = /usr/local/freesurfer/subjects/3279/mri/norm.mgz
volume = 256 256 256
voxelsize = 1.000000000000000e+00 1.000000000000000e+00 1.000000000000000e+00
xras   = -1.000000000000000e+00 0.000000000000000e+00 0.000000000000000e+00
yras   = 0.000000000000000e+00 0.000000000000000e+00 -1.000000000000000e+00
zras   = 0.000000000000000e+00 1.000000000000000e+00 0.000000000000000e+00
cras   = 2.259540405273438e+02 3.000263977050781e+02 5.442407836914062e+02
dst volume info
valid = 1  # volume info valid
filename = /usr/local/freesurfer/subjects/3279/mri/norm.mgz
volume = 256 256 256
voxelsize = 1.000000000000000e+00 1.000000000000000e+00 1.000000000000000e+00
xras   = -1.000000000000000e+00 0.000000000000000e+00 0.000000000000000e+00
yras   = 0.000000000000000e+00 0.000000000000000e+00 -1.000000000000000e+00
zras   = 0.000000000000000e+00 1.000000000000000e+00 0.000000000000000e+00
cras   = 2.259540405273438e+02 3.000263977050781e+02 5.442407836914062e+02
