# transform file /usr/local/freesurfer/subjects/3503/mri/transforms/cc_up.lta
# created by ubuntu on Tue Jan  9 04:05:29 2018

type      = 0 # LINEAR_VOX_TO_VOX
nxforms   = 1
mean      = 128.0000 97.0000 98.0000
sigma     = 10000.0000
1 4 4
9.997956156730652e-01 -1.839241199195385e-02 -8.402935229241848e-03 2.150094270706177e+00 
1.839176379144192e-02 9.998309016227722e-01 -1.545763952890411e-04 5.267258453369141e+01 
8.404357358813286e-03 0.000000000000000e+00 9.999647736549377e-01 3.692763137817383e+01 
0.000000000000000e+00 0.000000000000000e+00 0.000000000000000e+00 1.000000000000000e+00 
src volume info
valid = 1  # volume info valid
filename = /usr/local/freesurfer/subjects/3503/mri/norm.mgz
volume = 256 256 256
voxelsize = 1.000000000000000e+00 1.000000000000000e+00 1.000000000000000e+00
xras   = -1.000000000000000e+00 0.000000000000000e+00 0.000000000000000e+00
yras   = 0.000000000000000e+00 0.000000000000000e+00 -1.000000000000000e+00
zras   = 0.000000000000000e+00 1.000000000000000e+00 0.000000000000000e+00
cras   = 2.204263916015625e+02 3.145647583007812e+02 5.745893554687500e+02
dst volume info
valid = 1  # volume info valid
filename = /usr/local/freesurfer/subjects/3503/mri/norm.mgz
volume = 256 256 256
voxelsize = 1.000000000000000e+00 1.000000000000000e+00 1.000000000000000e+00
xras   = -1.000000000000000e+00 0.000000000000000e+00 0.000000000000000e+00
yras   = 0.000000000000000e+00 0.000000000000000e+00 -1.000000000000000e+00
zras   = 0.000000000000000e+00 1.000000000000000e+00 0.000000000000000e+00
cras   = 2.204263916015625e+02 3.145647583007812e+02 5.745893554687500e+02
