# transform file transforms/talairach_with_skull.lta
# created by ubuntu on Mon Jan  8 20:17:21 2018

type      = 0 # LINEAR_VOX_TO_VOX
nxforms   = 1
mean      = 137.0000 137.0000 112.0000
sigma     = 10000.0000
1 4 4
1.187536835670471e+00 -3.298253286629915e-04 -1.351479440927505e-04 -2.766701698303223e+01 
3.201525541953743e-04 1.290961503982544e+00 1.848265975713730e-01 -9.784681320190430e+00 
-8.846126002026722e-05 -1.693070232868195e-01 1.090577125549316e+00 1.888437271118164e+01 
0.000000000000000e+00 0.000000000000000e+00 0.000000000000000e+00 1.000000000000000e+00 
src volume info
valid = 1  # volume info valid
filename = nu.mgz
volume = 256 256 256
voxelsize = 1.000000000000000e+00 1.000000000000000e+00 1.000000000000000e+00
xras   = -1.000000000000000e+00 0.000000000000000e+00 0.000000000000000e+00
yras   = 0.000000000000000e+00 0.000000000000000e+00 -1.000000000000000e+00
zras   = 0.000000000000000e+00 1.000000000000000e+00 0.000000000000000e+00
cras   = 2.204263916015625e+02 3.145647583007812e+02 5.745893554687500e+02
dst volume info
valid = 1  # volume info valid
filename = /usr/local/freesurfer/average/RB_all_withskull_2016-05-10.vc700.gca
volume = 256 256 256
voxelsize = 1.000000000000000e+00 1.000000000000000e+00 1.000000000000000e+00
xras   = -1.000000000000000e+00 0.000000000000000e+00 0.000000000000000e+00
yras   = 0.000000000000000e+00 0.000000000000000e+00 -1.000000000000000e+00
zras   = 0.000000000000000e+00 1.000000000000000e+00 0.000000000000000e+00
cras   = 0.000000000000000e+00 0.000000000000000e+00 0.000000000000000e+00
