# transform file /usr/local/freesurfer/subjects/3823/mri/transforms/cc_up.lta
# created by ubuntu on Sun Jan 14 06:19:53 2018

type      = 0 # LINEAR_VOX_TO_VOX
nxforms   = 1
mean      = 128.0000 103.0000 113.0000
sigma     = 10000.0000
1 4 4
9.987735152244568e-01 -2.354780212044716e-02 -4.355586692690849e-02 6.450821876525879e+00 
2.352544292807579e-02 9.997227787971497e-01 -1.025929232127964e-03 4.211397171020508e+01 
4.356794804334641e-02 -1.164153357047226e-10 9.990505576133728e-01 1.551089477539062e+01 
0.000000000000000e+00 0.000000000000000e+00 0.000000000000000e+00 1.000000000000000e+00 
src volume info
valid = 1  # volume info valid
filename = /usr/local/freesurfer/subjects/3823/mri/norm.mgz
volume = 256 256 256
voxelsize = 1.000000000000000e+00 1.000000000000000e+00 1.000000000000000e+00
xras   = -1.000000000000000e+00 0.000000000000000e+00 0.000000000000000e+00
yras   = 0.000000000000000e+00 0.000000000000000e+00 -1.000000000000000e+00
zras   = 0.000000000000000e+00 1.000000000000000e+00 0.000000000000000e+00
cras   = 2.163721923828125e+02 2.702178344726562e+02 5.177134399414062e+02
dst volume info
valid = 1  # volume info valid
filename = /usr/local/freesurfer/subjects/3823/mri/norm.mgz
volume = 256 256 256
voxelsize = 1.000000000000000e+00 1.000000000000000e+00 1.000000000000000e+00
xras   = -1.000000000000000e+00 0.000000000000000e+00 0.000000000000000e+00
yras   = 0.000000000000000e+00 0.000000000000000e+00 -1.000000000000000e+00
zras   = 0.000000000000000e+00 1.000000000000000e+00 0.000000000000000e+00
cras   = 2.163721923828125e+02 2.702178344726562e+02 5.177134399414062e+02
