# transform file /usr/local/freesurfer/subjects/3360/mri/transforms/cc_up.lta
# created by ubuntu on Tue Jan  2 23:57:36 2018

type      = 0 # LINEAR_VOX_TO_VOX
nxforms   = 1
mean      = 130.0000 143.0000 108.0000
sigma     = 10000.0000
1 4 4
9.998847246170044e-01 -9.646963328123093e-03 1.173496805131435e-02 -4.842556715011597e-01 
9.646298363804817e-03 9.999535679817200e-01 1.132120523834601e-04 3.745087862014771e+00 
-1.173551380634308e-02 7.275958481545164e-12 9.999312162399292e-01 4.352774429321289e+01 
0.000000000000000e+00 0.000000000000000e+00 0.000000000000000e+00 1.000000000000000e+00 
src volume info
valid = 1  # volume info valid
filename = /usr/local/freesurfer/subjects/3360/mri/norm.mgz
volume = 256 256 256
voxelsize = 1.000000000000000e+00 1.000000000000000e+00 1.000000000000000e+00
xras   = -1.000000000000000e+00 0.000000000000000e+00 0.000000000000000e+00
yras   = 0.000000000000000e+00 0.000000000000000e+00 -1.000000000000000e+00
zras   = 0.000000000000000e+00 1.000000000000000e+00 0.000000000000000e+00
cras   = 2.078644104003906e+02 2.937881469726562e+02 5.309830322265625e+02
dst volume info
valid = 1  # volume info valid
filename = /usr/local/freesurfer/subjects/3360/mri/norm.mgz
volume = 256 256 256
voxelsize = 1.000000000000000e+00 1.000000000000000e+00 1.000000000000000e+00
xras   = -1.000000000000000e+00 0.000000000000000e+00 0.000000000000000e+00
yras   = 0.000000000000000e+00 0.000000000000000e+00 -1.000000000000000e+00
zras   = 0.000000000000000e+00 1.000000000000000e+00 0.000000000000000e+00
cras   = 2.078644104003906e+02 2.937881469726562e+02 5.309830322265625e+02
