# transform file /usr/local/freesurfer/subjects/3219/mri/transforms/cc_up.lta
# created by ubuntu on Mon Jan  1 08:49:36 2018

type      = 0 # LINEAR_VOX_TO_VOX
nxforms   = 1
mean      = 124.0000 137.0000 132.0000
sigma     = 10000.0000
1 4 4
9.967889189720154e-01 3.112727589905262e-02 -7.377599924802780e-02 8.760171890258789e+00 
-3.104236721992493e-02 9.995154142379761e-01 2.297559287399054e-03 1.465669441223145e+01 
7.381176948547363e-02 0.000000000000000e+00 9.972721338272095e-01 -2.893675088882446e+00 
0.000000000000000e+00 0.000000000000000e+00 0.000000000000000e+00 1.000000000000000e+00 
src volume info
valid = 1  # volume info valid
filename = /usr/local/freesurfer/subjects/3219/mri/norm.mgz
volume = 256 256 256
voxelsize = 1.000000000000000e+00 1.000000000000000e+00 1.000000000000000e+00
xras   = -1.000000000000000e+00 0.000000000000000e+00 0.000000000000000e+00
yras   = 0.000000000000000e+00 0.000000000000000e+00 -1.000000000000000e+00
zras   = 0.000000000000000e+00 1.000000000000000e+00 0.000000000000000e+00
cras   = 7.233101196289062e+02 7.610881347656250e+02 1.876504516601562e+01
dst volume info
valid = 1  # volume info valid
filename = /usr/local/freesurfer/subjects/3219/mri/norm.mgz
volume = 256 256 256
voxelsize = 1.000000000000000e+00 1.000000000000000e+00 1.000000000000000e+00
xras   = -1.000000000000000e+00 0.000000000000000e+00 0.000000000000000e+00
yras   = 0.000000000000000e+00 0.000000000000000e+00 -1.000000000000000e+00
zras   = 0.000000000000000e+00 1.000000000000000e+00 0.000000000000000e+00
cras   = 7.233101196289062e+02 7.610881347656250e+02 1.876504516601562e+01
