# transform file /usr/local/freesurfer/subjects/3218/mri/transforms/cc_up.lta
# created by ubuntu on Mon Jan  1 08:36:41 2018

type      = 0 # LINEAR_VOX_TO_VOX
nxforms   = 1
mean      = 131.0000 139.0000 129.0000
sigma     = 10000.0000
1 4 4
9.965718388557434e-01 9.377528913319111e-03 -8.219973742961884e-02 9.491312980651855e+00 
-9.345791302621365e-03 9.999561309814453e-01 7.708642515353858e-04 1.410630321502686e+01 
8.220335096120834e-02 5.820766785236131e-11 9.966156482696533e-01 1.897743606567383e+01 
0.000000000000000e+00 0.000000000000000e+00 0.000000000000000e+00 1.000000000000000e+00 
src volume info
valid = 1  # volume info valid
filename = /usr/local/freesurfer/subjects/3218/mri/norm.mgz
volume = 256 256 256
voxelsize = 1.000000000000000e+00 1.000000000000000e+00 1.000000000000000e+00
xras   = -1.000000000000000e+00 0.000000000000000e+00 0.000000000000000e+00
yras   = 0.000000000000000e+00 0.000000000000000e+00 -1.000000000000000e+00
zras   = 0.000000000000000e+00 1.000000000000000e+00 0.000000000000000e+00
cras   = 7.400982055664062e+02 8.012631835937500e+02 8.458368682861328e+01
dst volume info
valid = 1  # volume info valid
filename = /usr/local/freesurfer/subjects/3218/mri/norm.mgz
volume = 256 256 256
voxelsize = 1.000000000000000e+00 1.000000000000000e+00 1.000000000000000e+00
xras   = -1.000000000000000e+00 0.000000000000000e+00 0.000000000000000e+00
yras   = 0.000000000000000e+00 0.000000000000000e+00 -1.000000000000000e+00
zras   = 0.000000000000000e+00 1.000000000000000e+00 0.000000000000000e+00
cras   = 7.400982055664062e+02 8.012631835937500e+02 8.458368682861328e+01
