# transform file transforms/talairach_with_skull.lta
# created by ubuntu on Sun Dec 31 23:03:00 2017

type      = 0 # LINEAR_VOX_TO_VOX
nxforms   = 1
mean      = 132.0000 130.0000 129.0000
sigma     = 10000.0000
1 4 4
9.956320524215698e-01 4.854349046945572e-02 -8.906432241201401e-02 6.374109983444214e-01 
-3.484969958662987e-02 9.936773180961609e-01 2.072991430759430e-01 -3.664834594726562e+01 
9.916725754737854e-02 -1.994554549455643e-01 9.714214801788330e-01 2.636207818984985e+00 
0.000000000000000e+00 0.000000000000000e+00 0.000000000000000e+00 1.000000000000000e+00 
src volume info
valid = 1  # volume info valid
filename = nu.mgz
volume = 256 256 256
voxelsize = 1.000000000000000e+00 1.000000000000000e+00 1.000000000000000e+00
xras   = -1.000000000000000e+00 0.000000000000000e+00 0.000000000000000e+00
yras   = 0.000000000000000e+00 0.000000000000000e+00 -1.000000000000000e+00
zras   = 0.000000000000000e+00 1.000000000000000e+00 0.000000000000000e+00
cras   = 7.400982055664062e+02 8.012631835937500e+02 8.458368682861328e+01
dst volume info
valid = 1  # volume info valid
filename = /usr/local/freesurfer/average/RB_all_withskull_2016-05-10.vc700.gca
volume = 256 256 256
voxelsize = 1.000000000000000e+00 1.000000000000000e+00 1.000000000000000e+00
xras   = -1.000000000000000e+00 0.000000000000000e+00 0.000000000000000e+00
yras   = 0.000000000000000e+00 0.000000000000000e+00 -1.000000000000000e+00
zras   = 0.000000000000000e+00 1.000000000000000e+00 0.000000000000000e+00
cras   = 0.000000000000000e+00 0.000000000000000e+00 0.000000000000000e+00
