# transform file /usr/local/freesurfer/subjects/3452/mri/transforms/cc_up.lta
# created by ubuntu on Fri Jan  5 07:50:34 2018

type      = 0 # LINEAR_VOX_TO_VOX
nxforms   = 1
mean      = 130.0000 114.0000 118.0000
sigma     = 10000.0000
1 4 4
9.986274838447571e-01 3.950940072536469e-02 3.438303247094154e-02 -9.740871429443359e+00 
-3.948600217700005e-02 9.992192387580872e-01 -1.359514426440001e-03 4.337598419189453e+01 
-3.440989926457405e-02 0.000000000000000e+00 9.994078278541565e-01 1.855609321594238e+01 
0.000000000000000e+00 0.000000000000000e+00 0.000000000000000e+00 1.000000000000000e+00 
src volume info
valid = 1  # volume info valid
filename = /usr/local/freesurfer/subjects/3452/mri/norm.mgz
volume = 256 256 256
voxelsize = 1.000000000000000e+00 1.000000000000000e+00 1.000000000000000e+00
xras   = -9.999999403953552e-01 0.000000000000000e+00 0.000000000000000e+00
yras   = 0.000000000000000e+00 0.000000000000000e+00 -9.999999403953552e-01
zras   = 0.000000000000000e+00 9.999999403953552e-01 0.000000000000000e+00
cras   = 2.067503051757812e+02 2.937788391113281e+02 4.960000000000000e+02
dst volume info
valid = 1  # volume info valid
filename = /usr/local/freesurfer/subjects/3452/mri/norm.mgz
volume = 256 256 256
voxelsize = 1.000000000000000e+00 1.000000000000000e+00 1.000000000000000e+00
xras   = -9.999999403953552e-01 0.000000000000000e+00 0.000000000000000e+00
yras   = 0.000000000000000e+00 0.000000000000000e+00 -9.999999403953552e-01
zras   = 0.000000000000000e+00 9.999999403953552e-01 0.000000000000000e+00
cras   = 2.067503051757812e+02 2.937788391113281e+02 4.960000000000000e+02
