# transform file /usr/local/freesurfer/subjects/3606/mri/transforms/cc_up.lta
# created by ubuntu on Thu Jan 11 11:40:17 2018

type      = 0 # LINEAR_VOX_TO_VOX
nxforms   = 1
mean      = 128.0000 118.0000 114.0000
sigma     = 10000.0000
1 4 4
9.986431002616882e-01 -4.665970429778099e-02 2.312615327537060e-02 4.058935642242432e+00 
4.664719849824905e-02 9.989108443260193e-01 1.080235932022333e-03 2.910923767089844e+01 
-2.315136790275574e-02 1.164153218269348e-10 9.997319579124451e-01 2.494547653198242e+01 
0.000000000000000e+00 0.000000000000000e+00 0.000000000000000e+00 1.000000000000000e+00 
src volume info
valid = 1  # volume info valid
filename = /usr/local/freesurfer/subjects/3606/mri/norm.mgz
volume = 256 256 256
voxelsize = 1.000000000000000e+00 1.000000000000000e+00 1.000000000000000e+00
xras   = -1.000000000000000e+00 0.000000000000000e+00 0.000000000000000e+00
yras   = 0.000000000000000e+00 0.000000000000000e+00 -1.000000000000000e+00
zras   = 0.000000000000000e+00 1.000000000000000e+00 0.000000000000000e+00
cras   = 2.157053833007812e+02 3.111398010253906e+02 5.448621215820312e+02
dst volume info
valid = 1  # volume info valid
filename = /usr/local/freesurfer/subjects/3606/mri/norm.mgz
volume = 256 256 256
voxelsize = 1.000000000000000e+00 1.000000000000000e+00 1.000000000000000e+00
xras   = -1.000000000000000e+00 0.000000000000000e+00 0.000000000000000e+00
yras   = 0.000000000000000e+00 0.000000000000000e+00 -1.000000000000000e+00
zras   = 0.000000000000000e+00 1.000000000000000e+00 0.000000000000000e+00
cras   = 2.157053833007812e+02 3.111398010253906e+02 5.448621215820312e+02
