# transform file /usr/local/freesurfer/subjects/3169/mri/transforms/cc_up.lta
# created by ubuntu on Sun Dec 31 17:44:41 2017

type      = 0 # LINEAR_VOX_TO_VOX
nxforms   = 1
mean      = 129.0000 126.0000 120.0000
sigma     = 10000.0000
1 4 4
9.997190237045288e-01 -2.365769073367119e-02 -1.525676692835987e-03 4.709424018859863e+00 
2.365766279399395e-02 9.997201561927795e-01 -3.610408384702168e-05 1.905273437500000e+01 
1.526103820651770e-03 -3.637979240772582e-12 9.999988675117493e-01 1.880783653259277e+01 
0.000000000000000e+00 0.000000000000000e+00 0.000000000000000e+00 1.000000000000000e+00 
src volume info
valid = 1  # volume info valid
filename = /usr/local/freesurfer/subjects/3169/mri/norm.mgz
volume = 256 256 256
voxelsize = 1.000000000000000e+00 1.000000000000000e+00 1.000000000000000e+00
xras   = -1.000000000000000e+00 0.000000000000000e+00 0.000000000000000e+00
yras   = 0.000000000000000e+00 0.000000000000000e+00 -1.000000000000000e+00
zras   = 0.000000000000000e+00 1.000000000000000e+00 0.000000000000000e+00
cras   = 2.268239746093750e+02 2.658811035156250e+02 5.327381591796875e+02
dst volume info
valid = 1  # volume info valid
filename = /usr/local/freesurfer/subjects/3169/mri/norm.mgz
volume = 256 256 256
voxelsize = 1.000000000000000e+00 1.000000000000000e+00 1.000000000000000e+00
xras   = -1.000000000000000e+00 0.000000000000000e+00 0.000000000000000e+00
yras   = 0.000000000000000e+00 0.000000000000000e+00 -1.000000000000000e+00
zras   = 0.000000000000000e+00 1.000000000000000e+00 0.000000000000000e+00
cras   = 2.268239746093750e+02 2.658811035156250e+02 5.327381591796875e+02
