# transform file transforms/talairach.lta
# created by ubuntu on Sun Dec 31 10:24:11 2017

type      = 0 # LINEAR_VOX_TO_VOX
nxforms   = 1
mean      = 129.0000 126.0000 120.0000
sigma     = 10000.0000
1 4 4
9.990122914314270e-01 2.757780626416206e-02 3.329521790146828e-02 -7.208626747131348e+00 
-2.935246750712395e-02 1.137533307075500e+00 8.816538006067276e-02 -2.240903663635254e+01 
-3.719840571284294e-02 -1.364590227603912e-01 9.565668106079102e-01 1.688808441162109e+01 
0.000000000000000e+00 0.000000000000000e+00 0.000000000000000e+00 1.000000000000000e+00 
src volume info
valid = 1  # volume info valid
filename = nu.mgz
volume = 256 256 256
voxelsize = 1.000000000000000e+00 1.000000000000000e+00 1.000000000000000e+00
xras   = -1.000000000000000e+00 0.000000000000000e+00 0.000000000000000e+00
yras   = 0.000000000000000e+00 0.000000000000000e+00 -1.000000000000000e+00
zras   = 0.000000000000000e+00 1.000000000000000e+00 0.000000000000000e+00
cras   = 2.268239746093750e+02 2.658811035156250e+02 5.327381591796875e+02
dst volume info
valid = 1  # volume info valid
filename = /usr/local/freesurfer/average/RB_all_2016-05-10.vc700.gca
volume = 256 256 256
voxelsize = 1.000000000000000e+00 1.000000000000000e+00 1.000000000000000e+00
xras   = -1.000000000000000e+00 0.000000000000000e+00 0.000000000000000e+00
yras   = 0.000000000000000e+00 0.000000000000000e+00 -1.000000000000000e+00
zras   = 0.000000000000000e+00 1.000000000000000e+00 0.000000000000000e+00
cras   = 0.000000000000000e+00 0.000000000000000e+00 0.000000000000000e+00
