# transform file /usr/local/freesurfer/subjects/3505/mri/transforms/cc_up.lta
# created by ubuntu on Tue Jan  9 04:04:32 2018

type      = 0 # LINEAR_VOX_TO_VOX
nxforms   = 1
mean      = 128.0000 107.0000 102.0000
sigma     = 10000.0000
1 4 4
9.992207884788513e-01 2.709835767745972e-03 3.937846794724464e-02 -3.383226394653320e+00 
-2.707733772695065e-03 9.999964237213135e-01 -1.067095581674948e-04 3.435839462280273e+01 
-3.937861323356628e-02 -7.275958481545164e-12 9.992244243621826e-01 5.114344787597656e+01 
0.000000000000000e+00 0.000000000000000e+00 0.000000000000000e+00 1.000000000000000e+00 
src volume info
valid = 1  # volume info valid
filename = /usr/local/freesurfer/subjects/3505/mri/norm.mgz
volume = 256 256 256
voxelsize = 1.000000000000000e+00 1.000000000000000e+00 1.000000000000000e+00
xras   = -9.999999403953552e-01 0.000000000000000e+00 0.000000000000000e+00
yras   = 0.000000000000000e+00 0.000000000000000e+00 -9.999999403953552e-01
zras   = 0.000000000000000e+00 9.999999403953552e-01 0.000000000000000e+00
cras   = 2.157256164550781e+02 3.120989990234375e+02 5.791704101562500e+02
dst volume info
valid = 1  # volume info valid
filename = /usr/local/freesurfer/subjects/3505/mri/norm.mgz
volume = 256 256 256
voxelsize = 1.000000000000000e+00 1.000000000000000e+00 1.000000000000000e+00
xras   = -9.999999403953552e-01 0.000000000000000e+00 0.000000000000000e+00
yras   = 0.000000000000000e+00 0.000000000000000e+00 -9.999999403953552e-01
zras   = 0.000000000000000e+00 9.999999403953552e-01 0.000000000000000e+00
cras   = 2.157256164550781e+02 3.120989990234375e+02 5.791704101562500e+02
