# transform file /usr/local/freesurfer/subjects/3215/mri/transforms/cc_up.lta
# created by ubuntu on Mon Jan  1 07:52:22 2018

type      = 0 # LINEAR_VOX_TO_VOX
nxforms   = 1
mean      = 126.0000 147.0000 128.0000
sigma     = 10000.0000
1 4 4
9.999371170997620e-01 9.576587006449699e-03 -5.820658523589373e-03 1.873491406440735e+00 
-9.576424956321716e-03 9.999540448188782e-01 5.574460010393523e-05 9.202420234680176e+00 
5.820925347507000e-03 0.000000000000000e+00 9.999830126762390e-01 8.270456314086914e+00 
0.000000000000000e+00 0.000000000000000e+00 0.000000000000000e+00 1.000000000000000e+00 
src volume info
valid = 1  # volume info valid
filename = /usr/local/freesurfer/subjects/3215/mri/norm.mgz
volume = 256 256 256
voxelsize = 1.000000000000000e+00 1.000000000000000e+00 1.000000000000000e+00
xras   = -1.000000000000000e+00 0.000000000000000e+00 0.000000000000000e+00
yras   = 0.000000000000000e+00 0.000000000000000e+00 -1.000000000000000e+00
zras   = 0.000000000000000e+00 1.000000000000000e+00 0.000000000000000e+00
cras   = 7.317881469726562e+02 7.501481323242188e+02 2.407626724243164e+01
dst volume info
valid = 1  # volume info valid
filename = /usr/local/freesurfer/subjects/3215/mri/norm.mgz
volume = 256 256 256
voxelsize = 1.000000000000000e+00 1.000000000000000e+00 1.000000000000000e+00
xras   = -1.000000000000000e+00 0.000000000000000e+00 0.000000000000000e+00
yras   = 0.000000000000000e+00 0.000000000000000e+00 -1.000000000000000e+00
zras   = 0.000000000000000e+00 1.000000000000000e+00 0.000000000000000e+00
cras   = 7.317881469726562e+02 7.501481323242188e+02 2.407626724243164e+01
