# transform file transforms/talairach_with_skull.lta
# created by ubuntu on Sun Dec 31 23:03:45 2017

type      = 0 # LINEAR_VOX_TO_VOX
nxforms   = 1
mean      = 123.0000 137.0000 135.0000
sigma     = 10000.0000
1 4 4
1.067708611488342e+00 -2.125599421560764e-02 3.914305567741394e-02 -1.292885303497314e+01 
8.781486190855503e-03 1.100385904312134e+00 3.366411626338959e-01 -6.898756408691406e+01 
-4.357272759079933e-02 -3.060515522956848e-01 1.015077710151672e+00 2.791058921813965e+01 
0.000000000000000e+00 0.000000000000000e+00 0.000000000000000e+00 1.000000000000000e+00 
src volume info
valid = 1  # volume info valid
filename = nu.mgz
volume = 256 256 256
voxelsize = 1.000000000000000e+00 1.000000000000000e+00 1.000000000000000e+00
xras   = -1.000000000000000e+00 0.000000000000000e+00 0.000000000000000e+00
yras   = 0.000000000000000e+00 0.000000000000000e+00 -1.000000000000000e+00
zras   = 0.000000000000000e+00 1.000000000000000e+00 0.000000000000000e+00
cras   = 7.317881469726562e+02 7.501481323242188e+02 2.407626724243164e+01
dst volume info
valid = 1  # volume info valid
filename = /usr/local/freesurfer/average/RB_all_withskull_2016-05-10.vc700.gca
volume = 256 256 256
voxelsize = 1.000000000000000e+00 1.000000000000000e+00 1.000000000000000e+00
xras   = -1.000000000000000e+00 0.000000000000000e+00 0.000000000000000e+00
yras   = 0.000000000000000e+00 0.000000000000000e+00 -1.000000000000000e+00
zras   = 0.000000000000000e+00 1.000000000000000e+00 0.000000000000000e+00
cras   = 0.000000000000000e+00 0.000000000000000e+00 0.000000000000000e+00
