# transform file /usr/local/freesurfer/subjects/3815/mri/transforms/cc_up.lta
# created by ubuntu on Sun Jan 14 06:10:21 2018

type      = 0 # LINEAR_VOX_TO_VOX
nxforms   = 1
mean      = 129.0000 105.0000 106.0000
sigma     = 10000.0000
1 4 4
9.996039867401123e-01 -1.648113247938454e-03 2.809081785380840e-02 -1.739982128143311e+00 
1.647462951950729e-03 9.999986290931702e-01 4.629691829904914e-05 3.978440093994141e+01 
-2.809085510671139e-02 0.000000000000000e+00 9.996053576469421e-01 3.964180755615234e+01 
0.000000000000000e+00 0.000000000000000e+00 0.000000000000000e+00 1.000000000000000e+00 
src volume info
valid = 1  # volume info valid
filename = /usr/local/freesurfer/subjects/3815/mri/norm.mgz
volume = 256 256 256
voxelsize = 1.000000000000000e+00 1.000000000000000e+00 1.000000000000000e+00
xras   = -1.000000000000000e+00 0.000000000000000e+00 0.000000000000000e+00
yras   = 0.000000000000000e+00 0.000000000000000e+00 -1.000000000000000e+00
zras   = 0.000000000000000e+00 1.000000000000000e+00 0.000000000000000e+00
cras   = 2.052769165039062e+02 2.840937194824219e+02 5.310777587890625e+02
dst volume info
valid = 1  # volume info valid
filename = /usr/local/freesurfer/subjects/3815/mri/norm.mgz
volume = 256 256 256
voxelsize = 1.000000000000000e+00 1.000000000000000e+00 1.000000000000000e+00
xras   = -1.000000000000000e+00 0.000000000000000e+00 0.000000000000000e+00
yras   = 0.000000000000000e+00 0.000000000000000e+00 -1.000000000000000e+00
zras   = 0.000000000000000e+00 1.000000000000000e+00 0.000000000000000e+00
cras   = 2.052769165039062e+02 2.840937194824219e+02 5.310777587890625e+02
