# transform file /usr/local/freesurfer/subjects/4054/mri/transforms/cc_up.lta
# created by ubuntu on Tue Jan 16 04:07:25 2018

type      = 0 # LINEAR_VOX_TO_VOX
nxforms   = 1
mean      = 127.0000 116.0000 109.0000
sigma     = 10000.0000
1 4 4
9.970338344573975e-01 -6.023440510034561e-03 7.672844827175140e-02 -5.063916683197021e+00 
6.005682982504368e-03 9.999818801879883e-01 4.621776461135596e-04 3.719684982299805e+01 
-7.672984153032303e-02 0.000000000000000e+00 9.970519542694092e-01 3.397455215454102e+01 
0.000000000000000e+00 0.000000000000000e+00 0.000000000000000e+00 1.000000000000000e+00 
src volume info
valid = 1  # volume info valid
filename = /usr/local/freesurfer/subjects/4054/mri/norm.mgz
volume = 256 256 256
voxelsize = 1.000000000000000e+00 1.000000000000000e+00 1.000000000000000e+00
xras   = -1.000000000000000e+00 0.000000000000000e+00 0.000000000000000e+00
yras   = 0.000000000000000e+00 0.000000000000000e+00 -1.000000000000000e+00
zras   = 0.000000000000000e+00 1.000000000000000e+00 0.000000000000000e+00
cras   = 2.462203369140625e+02 3.111271362304688e+02 5.053220214843750e+02
dst volume info
valid = 1  # volume info valid
filename = /usr/local/freesurfer/subjects/4054/mri/norm.mgz
volume = 256 256 256
voxelsize = 1.000000000000000e+00 1.000000000000000e+00 1.000000000000000e+00
xras   = -1.000000000000000e+00 0.000000000000000e+00 0.000000000000000e+00
yras   = 0.000000000000000e+00 0.000000000000000e+00 -1.000000000000000e+00
zras   = 0.000000000000000e+00 1.000000000000000e+00 0.000000000000000e+00
cras   = 2.462203369140625e+02 3.111271362304688e+02 5.053220214843750e+02
