# transform file transforms/talairach_with_skull.lta
# created by ubuntu on Mon Jan 15 20:00:42 2018

type      = 0 # LINEAR_VOX_TO_VOX
nxforms   = 1
mean      = 132.0000 142.0000 119.0000
sigma     = 10000.0000
1 4 4
1.167510747909546e+00 -6.579509377479553e-02 9.820179641246796e-02 -2.624675369262695e+01 
1.563849672675133e-02 1.325885772705078e+00 2.455123811960220e-01 -4.822273254394531e+01 
-1.204679310321808e-01 -2.309390306472778e-01 1.156000256538391e+00 2.417453956604004e+01 
0.000000000000000e+00 0.000000000000000e+00 0.000000000000000e+00 1.000000000000000e+00 
src volume info
valid = 1  # volume info valid
filename = nu.mgz
volume = 256 256 256
voxelsize = 1.000000000000000e+00 1.000000000000000e+00 1.000000000000000e+00
xras   = -1.000000000000000e+00 0.000000000000000e+00 0.000000000000000e+00
yras   = 0.000000000000000e+00 0.000000000000000e+00 -1.000000000000000e+00
zras   = 0.000000000000000e+00 1.000000000000000e+00 0.000000000000000e+00
cras   = 2.462203369140625e+02 3.111271362304688e+02 5.053220214843750e+02
dst volume info
valid = 1  # volume info valid
filename = /usr/local/freesurfer/average/RB_all_withskull_2016-05-10.vc700.gca
volume = 256 256 256
voxelsize = 1.000000000000000e+00 1.000000000000000e+00 1.000000000000000e+00
xras   = -1.000000000000000e+00 0.000000000000000e+00 0.000000000000000e+00
yras   = 0.000000000000000e+00 0.000000000000000e+00 -1.000000000000000e+00
zras   = 0.000000000000000e+00 1.000000000000000e+00 0.000000000000000e+00
cras   = 0.000000000000000e+00 0.000000000000000e+00 0.000000000000000e+00
