# transform file /usr/local/freesurfer/subjects/4051/mri/transforms/cc_up.lta
# created by ubuntu on Tue Jan 16 03:53:41 2018

type      = 0 # LINEAR_VOX_TO_VOX
nxforms   = 1
mean      = 127.0000 108.0000 116.0000
sigma     = 10000.0000
1 4 4
9.961415529251099e-01 -6.516388803720474e-02 5.878693610429764e-02 1.440972089767456e+00 
6.505070626735687e-02 9.978746771812439e-01 3.838943783193827e-03 3.455431747436523e+01 
-5.891214683651924e-02 4.656613428188905e-10 9.982632994651794e-01 2.361745071411133e+01 
0.000000000000000e+00 0.000000000000000e+00 0.000000000000000e+00 1.000000000000000e+00 
src volume info
valid = 1  # volume info valid
filename = /usr/local/freesurfer/subjects/4051/mri/norm.mgz
volume = 256 256 256
voxelsize = 1.000000000000000e+00 1.000000000000000e+00 1.000000000000000e+00
xras   = -1.000000000000000e+00 0.000000000000000e+00 0.000000000000000e+00
yras   = 0.000000000000000e+00 0.000000000000000e+00 -1.000000000000000e+00
zras   = 0.000000000000000e+00 1.000000000000000e+00 0.000000000000000e+00
cras   = 1.800800170898438e+02 3.021522216796875e+02 5.202630004882812e+02
dst volume info
valid = 1  # volume info valid
filename = /usr/local/freesurfer/subjects/4051/mri/norm.mgz
volume = 256 256 256
voxelsize = 1.000000000000000e+00 1.000000000000000e+00 1.000000000000000e+00
xras   = -1.000000000000000e+00 0.000000000000000e+00 0.000000000000000e+00
yras   = 0.000000000000000e+00 0.000000000000000e+00 -1.000000000000000e+00
zras   = 0.000000000000000e+00 1.000000000000000e+00 0.000000000000000e+00
cras   = 1.800800170898438e+02 3.021522216796875e+02 5.202630004882812e+02
