# transform file /usr/local/freesurfer/subjects/3611/mri/transforms/cc_up.lta
# created by ubuntu on Thu Jan 11 12:15:54 2018

type      = 0 # LINEAR_VOX_TO_VOX
nxforms   = 1
mean      = 127.0000 113.0000 129.0000
sigma     = 10000.0000
1 4 4
9.996906518936157e-01 7.837015204131603e-03 2.360405586659908e-02 -1.762246131896973e+00 
-7.834831252694130e-03 9.999692440032959e-01 -1.849910186138004e-04 4.100643539428711e+01 
-2.360478043556213e-02 -1.455191522836685e-11 9.997213482856750e-01 1.099061489105225e+01 
0.000000000000000e+00 0.000000000000000e+00 0.000000000000000e+00 1.000000000000000e+00 
src volume info
valid = 1  # volume info valid
filename = /usr/local/freesurfer/subjects/3611/mri/norm.mgz
volume = 256 256 256
voxelsize = 1.000000000000000e+00 1.000000000000000e+00 1.000000000000000e+00
xras   = -1.000000000000000e+00 0.000000000000000e+00 0.000000000000000e+00
yras   = 0.000000000000000e+00 0.000000000000000e+00 -1.000000000000000e+00
zras   = 0.000000000000000e+00 1.000000000000000e+00 0.000000000000000e+00
cras   = 2.172373046875000e+02 2.928946533203125e+02 5.241597900390625e+02
dst volume info
valid = 1  # volume info valid
filename = /usr/local/freesurfer/subjects/3611/mri/norm.mgz
volume = 256 256 256
voxelsize = 1.000000000000000e+00 1.000000000000000e+00 1.000000000000000e+00
xras   = -1.000000000000000e+00 0.000000000000000e+00 0.000000000000000e+00
yras   = 0.000000000000000e+00 0.000000000000000e+00 -1.000000000000000e+00
zras   = 0.000000000000000e+00 1.000000000000000e+00 0.000000000000000e+00
cras   = 2.172373046875000e+02 2.928946533203125e+02 5.241597900390625e+02
