# transform file /usr/local/freesurfer/subjects/3161/mri/transforms/cc_up.lta
# created by ubuntu on Sun Dec 31 18:06:14 2017

type      = 0 # LINEAR_VOX_TO_VOX
nxforms   = 1
mean      = 129.0000 111.0000 131.0000
sigma     = 10000.0000
1 4 4
9.942976236343384e-01 5.235847085714340e-03 -1.065128222107887e-01 1.282302379608154e+01 
-5.206061527132988e-03 9.999863505363464e-01 5.576924886554480e-04 4.160709381103516e+01 
1.065142825245857e-01 0.000000000000000e+00 9.943112134933472e-01 -9.106132507324219e+00 
0.000000000000000e+00 0.000000000000000e+00 0.000000000000000e+00 1.000000000000000e+00 
src volume info
valid = 1  # volume info valid
filename = /usr/local/freesurfer/subjects/3161/mri/norm.mgz
volume = 256 256 256
voxelsize = 1.000000000000000e+00 1.000000000000000e+00 1.000000000000000e+00
xras   = -1.000000000000000e+00 0.000000000000000e+00 0.000000000000000e+00
yras   = 0.000000000000000e+00 0.000000000000000e+00 -1.000000000000000e+00
zras   = 0.000000000000000e+00 1.000000000000000e+00 0.000000000000000e+00
cras   = 2.241699523925781e+02 2.813835449218750e+02 5.285223388671875e+02
dst volume info
valid = 1  # volume info valid
filename = /usr/local/freesurfer/subjects/3161/mri/norm.mgz
volume = 256 256 256
voxelsize = 1.000000000000000e+00 1.000000000000000e+00 1.000000000000000e+00
xras   = -1.000000000000000e+00 0.000000000000000e+00 0.000000000000000e+00
yras   = 0.000000000000000e+00 0.000000000000000e+00 -1.000000000000000e+00
zras   = 0.000000000000000e+00 1.000000000000000e+00 0.000000000000000e+00
cras   = 2.241699523925781e+02 2.813835449218750e+02 5.285223388671875e+02
