# transform file transforms/talairach.lta
# created by ubuntu on Sun Dec 31 11:05:15 2017

type      = 0 # LINEAR_VOX_TO_VOX
nxforms   = 1
mean      = 128.0000 111.0000 131.0000
sigma     = 10000.0000
1 4 4
1.060335040092468e+00 4.474505409598351e-02 -1.058320775628090e-01 -3.506062984466553e+00 
-1.361609809100628e-02 1.052691578865051e+00 2.956222593784332e-01 -2.750395774841309e+01 
1.032239347696304e-01 -2.378194332122803e-01 9.373875856399536e-01 2.663983821868896e+00 
0.000000000000000e+00 0.000000000000000e+00 0.000000000000000e+00 1.000000000000000e+00 
src volume info
valid = 1  # volume info valid
filename = nu.mgz
volume = 256 256 256
voxelsize = 1.000000000000000e+00 1.000000000000000e+00 1.000000000000000e+00
xras   = -1.000000000000000e+00 0.000000000000000e+00 0.000000000000000e+00
yras   = 0.000000000000000e+00 0.000000000000000e+00 -1.000000000000000e+00
zras   = 0.000000000000000e+00 1.000000000000000e+00 0.000000000000000e+00
cras   = 2.241699523925781e+02 2.813835449218750e+02 5.285223388671875e+02
dst volume info
valid = 1  # volume info valid
filename = /usr/local/freesurfer/average/RB_all_2016-05-10.vc700.gca
volume = 256 256 256
voxelsize = 1.000000000000000e+00 1.000000000000000e+00 1.000000000000000e+00
xras   = -1.000000000000000e+00 0.000000000000000e+00 0.000000000000000e+00
yras   = 0.000000000000000e+00 0.000000000000000e+00 -1.000000000000000e+00
zras   = 0.000000000000000e+00 1.000000000000000e+00 0.000000000000000e+00
cras   = 0.000000000000000e+00 0.000000000000000e+00 0.000000000000000e+00
