# transform file /usr/local/freesurfer/subjects/3454/mri/transforms/cc_up.lta
# created by ubuntu on Fri Jan  5 08:09:12 2018

type      = 0 # LINEAR_VOX_TO_VOX
nxforms   = 1
mean      = 130.0000 106.0000 121.0000
sigma     = 10000.0000
1 4 4
9.994992613792419e-01 -3.134413063526154e-02 4.334692377597094e-03 6.870832443237305e-01 
3.134383633732796e-02 9.995086193084717e-01 1.359339512418956e-04 4.396820449829102e+01 
-4.336823243647814e-03 1.455191522836685e-11 9.999906420707703e-01 1.256219291687012e+01 
0.000000000000000e+00 0.000000000000000e+00 0.000000000000000e+00 1.000000000000000e+00 
src volume info
valid = 1  # volume info valid
filename = /usr/local/freesurfer/subjects/3454/mri/norm.mgz
volume = 256 256 256
voxelsize = 1.000000000000000e+00 1.000000000000000e+00 1.000000000000000e+00
xras   = -9.999999403953552e-01 0.000000000000000e+00 0.000000000000000e+00
yras   = 0.000000000000000e+00 0.000000000000000e+00 -9.999999403953552e-01
zras   = 0.000000000000000e+00 9.999999403953552e-01 0.000000000000000e+00
cras   = 1.833389129638672e+02 2.935955200195312e+02 4.964682312011719e+02
dst volume info
valid = 1  # volume info valid
filename = /usr/local/freesurfer/subjects/3454/mri/norm.mgz
volume = 256 256 256
voxelsize = 1.000000000000000e+00 1.000000000000000e+00 1.000000000000000e+00
xras   = -9.999999403953552e-01 0.000000000000000e+00 0.000000000000000e+00
yras   = 0.000000000000000e+00 0.000000000000000e+00 -9.999999403953552e-01
zras   = 0.000000000000000e+00 9.999999403953552e-01 0.000000000000000e+00
cras   = 1.833389129638672e+02 2.935955200195312e+02 4.964682312011719e+02
