# transform file /usr/local/freesurfer/subjects/3501/mri/transforms/cc_up.lta
# created by ubuntu on Tue Jan  9 04:15:21 2018

type      = 0 # LINEAR_VOX_TO_VOX
nxforms   = 1
mean      = 129.0000 113.0000 100.0000
sigma     = 10000.0000
1 4 4
9.991592764854431e-01 3.459817543625832e-02 -2.199309691786766e-02 -9.711116552352905e-01 
-3.458979725837708e-02 9.994012713432312e-01 7.613768102601171e-04 3.644195556640625e+01 
2.200627140700817e-02 5.820766091346741e-11 9.997578263282776e-01 4.018997955322266e+01 
0.000000000000000e+00 0.000000000000000e+00 0.000000000000000e+00 1.000000000000000e+00 
src volume info
valid = 1  # volume info valid
filename = /usr/local/freesurfer/subjects/3501/mri/norm.mgz
volume = 256 256 256
voxelsize = 1.000000000000000e+00 1.000000000000000e+00 1.000000000000000e+00
xras   = -1.000000000000000e+00 0.000000000000000e+00 0.000000000000000e+00
yras   = 0.000000000000000e+00 0.000000000000000e+00 -1.000000000000000e+00
zras   = 0.000000000000000e+00 1.000000000000000e+00 0.000000000000000e+00
cras   = 1.926478729248047e+02 2.819909667968750e+02 5.492231445312500e+02
dst volume info
valid = 1  # volume info valid
filename = /usr/local/freesurfer/subjects/3501/mri/norm.mgz
volume = 256 256 256
voxelsize = 1.000000000000000e+00 1.000000000000000e+00 1.000000000000000e+00
xras   = -1.000000000000000e+00 0.000000000000000e+00 0.000000000000000e+00
yras   = 0.000000000000000e+00 0.000000000000000e+00 -1.000000000000000e+00
zras   = 0.000000000000000e+00 1.000000000000000e+00 0.000000000000000e+00
cras   = 1.926478729248047e+02 2.819909667968750e+02 5.492231445312500e+02
