# transform file /usr/local/freesurfer/subjects/3165/mri/transforms/cc_up.lta
# created by ubuntu on Sun Dec 31 17:10:51 2017

type      = 0 # LINEAR_VOX_TO_VOX
nxforms   = 1
mean      = 127.0000 117.0000 124.0000
sigma     = 10000.0000
1 4 4
9.996202588081360e-01 -2.897450234740973e-03 2.740075439214706e-02 -9.907335042953491e-01 
2.896362449973822e-03 9.999957084655762e-01 7.939265924505889e-05 3.162585258483887e+01 
-2.740086987614632e-02 7.275956746821688e-12 9.996244907379150e-01 1.850098800659180e+01 
0.000000000000000e+00 0.000000000000000e+00 0.000000000000000e+00 1.000000000000000e+00 
src volume info
valid = 1  # volume info valid
filename = /usr/local/freesurfer/subjects/3165/mri/norm.mgz
volume = 256 256 256
voxelsize = 1.000000000000000e+00 1.000000000000000e+00 1.000000000000000e+00
xras   = -1.000000000000000e+00 0.000000000000000e+00 0.000000000000000e+00
yras   = 0.000000000000000e+00 0.000000000000000e+00 -1.000000000000000e+00
zras   = 0.000000000000000e+00 1.000000000000000e+00 0.000000000000000e+00
cras   = 2.222968750000000e+02 2.847973937988281e+02 5.285405273437500e+02
dst volume info
valid = 1  # volume info valid
filename = /usr/local/freesurfer/subjects/3165/mri/norm.mgz
volume = 256 256 256
voxelsize = 1.000000000000000e+00 1.000000000000000e+00 1.000000000000000e+00
xras   = -1.000000000000000e+00 0.000000000000000e+00 0.000000000000000e+00
yras   = 0.000000000000000e+00 0.000000000000000e+00 -1.000000000000000e+00
zras   = 0.000000000000000e+00 1.000000000000000e+00 0.000000000000000e+00
cras   = 2.222968750000000e+02 2.847973937988281e+02 5.285405273437500e+02
