# transform file transforms/talairach_with_skull.lta
# created by ubuntu on Sun Dec 31 09:55:28 2017

type      = 0 # LINEAR_VOX_TO_VOX
nxforms   = 1
mean      = 123.0000 146.0000 135.0000
sigma     = 10000.0000
1 4 4
1.086801528930664e+00 7.549916394054890e-03 4.392289370298386e-02 -1.859366226196289e+01 
-1.537351869046688e-02 1.204736709594727e+00 2.686848640441895e-01 -4.395808792114258e+01 
-4.712983965873718e-02 -2.102618068456650e-01 1.028323531150818e+00 1.135920619964600e+01 
0.000000000000000e+00 0.000000000000000e+00 0.000000000000000e+00 1.000000000000000e+00 
src volume info
valid = 1  # volume info valid
filename = nu.mgz
volume = 256 256 256
voxelsize = 1.000000000000000e+00 1.000000000000000e+00 1.000000000000000e+00
xras   = -1.000000000000000e+00 0.000000000000000e+00 0.000000000000000e+00
yras   = 0.000000000000000e+00 0.000000000000000e+00 -1.000000000000000e+00
zras   = 0.000000000000000e+00 1.000000000000000e+00 0.000000000000000e+00
cras   = 2.222968750000000e+02 2.847973937988281e+02 5.285405273437500e+02
dst volume info
valid = 1  # volume info valid
filename = /usr/local/freesurfer/average/RB_all_withskull_2016-05-10.vc700.gca
volume = 256 256 256
voxelsize = 1.000000000000000e+00 1.000000000000000e+00 1.000000000000000e+00
xras   = -1.000000000000000e+00 0.000000000000000e+00 0.000000000000000e+00
yras   = 0.000000000000000e+00 0.000000000000000e+00 -1.000000000000000e+00
zras   = 0.000000000000000e+00 1.000000000000000e+00 0.000000000000000e+00
cras   = 0.000000000000000e+00 0.000000000000000e+00 0.000000000000000e+00
