# transform file /usr/local/freesurfer/subjects/3276/mri/transforms/cc_up.lta
# created by ubuntu on Thu Jan  4 08:31:30 2018

type      = 0 # LINEAR_VOX_TO_VOX
nxforms   = 1
mean      = 128.0000 106.0000 118.0000
sigma     = 10000.0000
1 4 4
9.999238252639771e-01 1.123226806521416e-02 -5.119227804243565e-03 -2.949979603290558e-01 
-1.123212091624737e-02 9.999369382858276e-01 5.750416312366724e-05 4.943608856201172e+01 
5.119550973176956e-03 3.637978807091713e-12 9.999869465827942e-01 1.134621429443359e+01 
0.000000000000000e+00 0.000000000000000e+00 0.000000000000000e+00 1.000000000000000e+00 
src volume info
valid = 1  # volume info valid
filename = /usr/local/freesurfer/subjects/3276/mri/norm.mgz
volume = 256 256 256
voxelsize = 1.000000000000000e+00 1.000000000000000e+00 1.000000000000000e+00
xras   = -1.000000000000000e+00 0.000000000000000e+00 0.000000000000000e+00
yras   = 0.000000000000000e+00 0.000000000000000e+00 -1.000000000000000e+00
zras   = 0.000000000000000e+00 1.000000000000000e+00 0.000000000000000e+00
cras   = 1.933830718994141e+02 2.931955261230469e+02 5.405167846679688e+02
dst volume info
valid = 1  # volume info valid
filename = /usr/local/freesurfer/subjects/3276/mri/norm.mgz
volume = 256 256 256
voxelsize = 1.000000000000000e+00 1.000000000000000e+00 1.000000000000000e+00
xras   = -1.000000000000000e+00 0.000000000000000e+00 0.000000000000000e+00
yras   = 0.000000000000000e+00 0.000000000000000e+00 -1.000000000000000e+00
zras   = 0.000000000000000e+00 1.000000000000000e+00 0.000000000000000e+00
cras   = 1.933830718994141e+02 2.931955261230469e+02 5.405167846679688e+02
