# transform file /usr/local/freesurfer/subjects/3612/mri/transforms/cc_up.lta
# created by ubuntu on Thu Jan 11 12:13:16 2018

type      = 0 # LINEAR_VOX_TO_VOX
nxforms   = 1
mean      = 130.0000 110.0000 115.0000
sigma     = 10000.0000
1 4 4
9.966695308685303e-01 4.008497297763824e-02 7.101309299468994e-02 -1.267114543914795e+01 
-3.998360782861710e-02 9.991961717605591e-01 -2.848847536370158e-03 4.257013320922852e+01 
-7.107021659612656e-02 0.000000000000000e+00 9.974712729454041e-01 3.250463867187500e+01 
0.000000000000000e+00 0.000000000000000e+00 0.000000000000000e+00 1.000000000000000e+00 
src volume info
valid = 1  # volume info valid
filename = /usr/local/freesurfer/subjects/3612/mri/norm.mgz
volume = 256 256 256
voxelsize = 1.000000000000000e+00 1.000000000000000e+00 1.000000000000000e+00
xras   = -1.000000000000000e+00 0.000000000000000e+00 0.000000000000000e+00
yras   = 0.000000000000000e+00 0.000000000000000e+00 -1.000000000000000e+00
zras   = 0.000000000000000e+00 1.000000000000000e+00 0.000000000000000e+00
cras   = 2.120539245605469e+02 3.036223754882812e+02 5.459241943359375e+02
dst volume info
valid = 1  # volume info valid
filename = /usr/local/freesurfer/subjects/3612/mri/norm.mgz
volume = 256 256 256
voxelsize = 1.000000000000000e+00 1.000000000000000e+00 1.000000000000000e+00
xras   = -1.000000000000000e+00 0.000000000000000e+00 0.000000000000000e+00
yras   = 0.000000000000000e+00 0.000000000000000e+00 -1.000000000000000e+00
zras   = 0.000000000000000e+00 1.000000000000000e+00 0.000000000000000e+00
cras   = 2.120539245605469e+02 3.036223754882812e+02 5.459241943359375e+02
