# transform file /usr/local/freesurfer/subjects/3502/mri/transforms/cc_up.lta
# created by ubuntu on Tue Jan  9 05:02:11 2018

type      = 0 # LINEAR_VOX_TO_VOX
nxforms   = 1
mean      = 130.0000 114.0000 107.0000
sigma     = 10000.0000
1 4 4
9.984564781188965e-01 5.496234446763992e-02 7.989788427948952e-03 -6.806270122528076e+00 
-5.496058240532875e-02 9.984884858131409e-01 -4.398022429086268e-04 4.127818679809570e+01 
-8.001883514225483e-03 -2.910383045673370e-11 9.999679923057556e-01 2.403560066223145e+01 
0.000000000000000e+00 0.000000000000000e+00 0.000000000000000e+00 1.000000000000000e+00 
src volume info
valid = 1  # volume info valid
filename = /usr/local/freesurfer/subjects/3502/mri/norm.mgz
volume = 256 256 256
voxelsize = 1.000000000000000e+00 1.000000000000000e+00 1.000000000000000e+00
xras   = -9.999999403953552e-01 0.000000000000000e+00 0.000000000000000e+00
yras   = 0.000000000000000e+00 0.000000000000000e+00 -9.999999403953552e-01
zras   = 0.000000000000000e+00 9.999999403953552e-01 0.000000000000000e+00
cras   = 2.466643676757812e+02 3.192767333984375e+02 5.677632446289062e+02
dst volume info
valid = 1  # volume info valid
filename = /usr/local/freesurfer/subjects/3502/mri/norm.mgz
volume = 256 256 256
voxelsize = 1.000000000000000e+00 1.000000000000000e+00 1.000000000000000e+00
xras   = -9.999999403953552e-01 0.000000000000000e+00 0.000000000000000e+00
yras   = 0.000000000000000e+00 0.000000000000000e+00 -9.999999403953552e-01
zras   = 0.000000000000000e+00 9.999999403953552e-01 0.000000000000000e+00
cras   = 2.466643676757812e+02 3.192767333984375e+02 5.677632446289062e+02
