# transform file /usr/local/freesurfer/subjects/4057/mri/transforms/cc_up.lta
# created by ubuntu on Tue Jan 16 04:05:36 2018

type      = 0 # LINEAR_VOX_TO_VOX
nxforms   = 1
mean      = 128.0000 125.0000 107.0000
sigma     = 10000.0000
1 4 4
9.985911846160889e-01 2.413562312722206e-02 4.725608229637146e-02 -5.557667255401611e+00 
-2.410864271223545e-02 9.997087121009827e-01 -1.140887266956270e-03 3.021915435791016e+01 
-4.726985469460487e-02 -1.164153218269348e-10 9.988821744918823e-01 4.315226364135742e+01 
0.000000000000000e+00 0.000000000000000e+00 0.000000000000000e+00 1.000000000000000e+00 
src volume info
valid = 1  # volume info valid
filename = /usr/local/freesurfer/subjects/4057/mri/norm.mgz
volume = 256 256 256
voxelsize = 1.000000000000000e+00 1.000000000000000e+00 1.000000000000000e+00
xras   = -1.000000000000000e+00 0.000000000000000e+00 0.000000000000000e+00
yras   = 0.000000000000000e+00 0.000000000000000e+00 -1.000000000000000e+00
zras   = 0.000000000000000e+00 1.000000000000000e+00 0.000000000000000e+00
cras   = 2.177457580566406e+02 2.975678100585938e+02 5.046440429687500e+02
dst volume info
valid = 1  # volume info valid
filename = /usr/local/freesurfer/subjects/4057/mri/norm.mgz
volume = 256 256 256
voxelsize = 1.000000000000000e+00 1.000000000000000e+00 1.000000000000000e+00
xras   = -1.000000000000000e+00 0.000000000000000e+00 0.000000000000000e+00
yras   = 0.000000000000000e+00 0.000000000000000e+00 -1.000000000000000e+00
zras   = 0.000000000000000e+00 1.000000000000000e+00 0.000000000000000e+00
cras   = 2.177457580566406e+02 2.975678100585938e+02 5.046440429687500e+02
